00000000000000001110000000100110
00110100000110100000000000000001
00110100000110110000000000000100
00110100000111010000000000100000
10101100000111010000000000000000
00000000000000001011000000100000
00000000000000001011100000100000
00100000000001000000111100001111
00100000100001010000000010000000
00111000100001101000000100010001
00110100100001110000000001000000
10101111101001010000000000000000
00000011101110111110100000100000
10100111101001100000000000000010
00000011011111011110100000100000
10100011101001110000000000000011
00000011011000000100100000100000
00000001001111011110100000100000
10000100000010000000000000100110
00000000000010000100100100000011
10100011101010010000000000000011
00000011101110111110100000100000
00001100000000000000110001111010
00000010111110101011100000100000
10101111101010010000000000000000
00000011101110111110100000100000
00000001001010000100100000100000
00000001001010000101000000100010
00000001000010010101100000000110
10100111101010100000000000000000
10100011101010110000000000000101
00000011101110111110100000100000
00000011101110111110100000100000
00110100000010010000000000000100
10101101001001000000000000000000
10101101001001010000000000000100
00110100000010100000000000001000
10000001010010010000000000000000
10000101010010111111111111111100
10101111101010010000000000000000
00000011101110111110100000100000
10101111101010110000000000000000
00000011101110111110100000100000
10001111101010001111111111110100
00000101000000010000000000000010
00000010111110101011100000100000
00000010110110101011000000100000
10001111101010001111111111111100
00010101000010110000000000000010
00000010111110101011100000100000
00000010110110101011000000100000
00000000101000000100000000100000
00000000100000000100100000100000
00010101001010000000000000000010
00000010111110101011100000100000
00000010110110101011000000100000
00100000110010001111111111110110
00000001000001000100100000000100
00000101001000000000000000000010
00000010111110101011100000100000
00000010110110101011000000100000
10001111101010001111111111111000
00000001000010000100100000000110
10101111101010010000000000000000
00000011101110111110100000100000
10001100000010000000000000000000
10001101000010010000000000000000
10101111101010010000000000000000
00000011101110111110100000100000
10101100000111010000000000000000
00000011101110111110100000100000
10001100000010000000000000000000
10101101000010000000000000000000
00001100000000000000110001111110
00000010111110101011100000100000
00000011111000000100100000100000
00100000000010000000000000011000
00000001001010000100100000100000
00000000000000001100100000100000
00001100000000000000110010000100
00000010111110101011100000100000
00110100000010000000000011010100
00000011111010000100100000100000
00001100000000000000110010001011
00000010111110101011100000100000
00100000000010000000000001010000
00000011111010000100100000100000
00001100000000000000110010010001
00000010111110101011100000100000
00001100000000000000110010010110
00000010111110101011100000100000
00001100000000000000110010011011
00000010111110101011100000100000
00001100000000000000110010011110
00000010111110101011100000100000
00001100000000000000110010101111
00000010111110101011100000100000
00100000000010000011001011011000
00000001000000001111100000001001
00000010111110101011100000100000
10101111101010000000000000000000
00000011101110111110100000100000
10001111101010011111111111111100
00000001001000001111100000001001
00000010111110101011100000100000
10001111101010001111111111111100
10001111101010011111111111111000
00000001000010010000000000011000
00000000000000000101000000010010
00000001001010000000000000011010
00000000000000000101100000010000
10101111101010100000000000000000
00000011101110111110100000100000
10101111101010110000000000000000
00000011101110111110100000100000
10101111101101110000000000000000
00000011101110111110100000100000
10101111101101100000000000000000
00000011101110111110100000100000
00001000000000000000110001110111
00000000000000000000000000000000
00000000000000000000000000000000
00110011111010010000000001010110
00000011111000000000000000001000
00000010111110101011100000100000
00000000000000001100100000100000
10000111111010011100111011111110
10101111101010010000000000000000
00000011101110111110100000100000
00000011111000000000000000001000
00000010111110101011100000100000
00000000000000001100100000100000
00000000000000001100100000100000
00010001001111110000000000000010
00000010111110101011100000100000
00000010110110101011000000100000
00000011111000000000000000001000
00000010111110101011100000100000
00000000000000001100100000100000
00010001001111110000000000000010
00000010111110101011100000100000
00000010110110101011000000100000
00000011111000000000000000001000
00000010111110101011100000100000
00000000000000001100100000100000
00010011111010010000000000000010
00000010111110101011100000100000
00000010110110101011000000100000
00000011111000000000000000001000
00000010111110101011100000100000
00000011111111110100000000100000
10101111101010000000000000000000
00000011101110111110100000100000
00000011111000000000000000001000
00000010111110101011100000100000
10101111111111011100111010100000
00000011111000000000000000001000
00000010111110101011100000100000
10101111101111110000000000000000
00000011101110111110100000100000
00000011111110111111100000100010
00001100000000000000110010100110
00000010111110101011100000100000
10001111101111111111111111111000
00000011111000000000000000001000
00000010111110101011100000100000
10101111101111110000000000000000
00000011101110111110100000100000
00110100000010000000000000001000
00000011111010001111100000100000
00000000000000001100100000100000
00000000000000001100100000100000
00000011111010001111100000100010
00000011111000000000000000001000
00000010111110101011100000100000
00110100000010000011000000000000
00000011111010001111100000100010
10101111101111110000000000000000
00000011101110111110100000100000
00110111111111110011000000000000
00000011111000000000000000001000
00000010111110101011100000100000
10101111101111110000000000000000
00000011101110111110100000100000
00000011111000000000000000001000
00000010111110101011100000100000
